linear 17 1.0 1e-09 0.01 0.01 1 100 4 200 0
linear 17 1.0 1e-09 0.01 0.01 1 100 4 500 0
linear 17 1.0 1e-09 0.01 0.01 1 100 4 1000 0
linear 17 1.0 1e-09 0.01 0.01 1 100 8 200 0
linear 17 1.0 1e-09 0.01 0.01 1 100 8 500 0
linear 17 1.0 1e-09 0.01 0.01 1 100 8 1000 0
linear 17 1.0 1e-09 0.01 0.01 1 100 16 200 0
linear 17 1.0 1e-09 0.01 0.01 1 100 16 500 0
linear 17 1.0 1e-09 0.01 0.01 1 100 16 1000 0
linear 17 1.0 1e-09 0.01 0.01 1 100 32 200 0
linear 17 1.0 1e-09 0.01 0.01 1 100 32 500 0
linear 17 1.0 1e-09 0.01 0.01 1 100 32 1000 0
linear 17 1.0 1e-09 0.01 0.01 3 100 4 200 0
linear 17 1.0 1e-09 0.01 0.01 3 100 4 500 0
linear 17 1.0 1e-09 0.01 0.01 3 100 4 1000 0
linear 17 1.0 1e-09 0.01 0.01 3 100 8 200 0
linear 17 1.0 1e-09 0.01 0.01 3 100 8 500 0
linear 17 1.0 1e-09 0.01 0.01 3 100 8 1000 0
linear 17 1.0 1e-09 0.01 0.01 3 100 16 200 0
linear 17 1.0 1e-09 0.01 0.01 3 100 16 500 0
linear 17 1.0 1e-09 0.01 0.01 3 100 16 1000 0
linear 17 1.0 1e-09 0.01 0.01 3 100 32 200 0
linear 17 1.0 1e-09 0.01 0.01 3 100 32 500 0
linear 17 1.0 1e-09 0.01 0.01 3 100 32 1000 0
linear 17 1.0 1e-09 0.01 0.01 5 100 4 200 0
linear 17 1.0 1e-09 0.01 0.01 5 100 4 500 0
linear 17 1.0 1e-09 0.01 0.01 5 100 4 1000 0
linear 17 1.0 1e-09 0.01 0.01 5 100 8 200 0
linear 17 1.0 1e-09 0.01 0.01 5 100 8 500 0
linear 17 1.0 1e-09 0.01 0.01 5 100 8 1000 0
linear 17 1.0 1e-09 0.01 0.01 5 100 16 200 0
linear 17 1.0 1e-09 0.01 0.01 5 100 16 500 0
linear 17 1.0 1e-09 0.01 0.01 5 100 16 1000 0
linear 17 1.0 1e-09 0.01 0.01 5 100 32 200 0
linear 17 1.0 1e-09 0.01 0.01 5 100 32 500 0
linear 17 1.0 1e-09 0.01 0.01 5 100 32 1000 0
linear 17 1.0 1e-09 0.01 0.01 10 100 4 200 0
linear 17 1.0 1e-09 0.01 0.01 10 100 4 500 0
linear 17 1.0 1e-09 0.01 0.01 10 100 4 1000 0
linear 17 1.0 1e-09 0.01 0.01 10 100 8 200 0
linear 17 1.0 1e-09 0.01 0.01 10 100 8 500 0
linear 17 1.0 1e-09 0.01 0.01 10 100 8 1000 0
linear 17 1.0 1e-09 0.01 0.01 10 100 16 200 0
linear 17 1.0 1e-09 0.01 0.01 10 100 16 500 0
linear 17 1.0 1e-09 0.01 0.01 10 100 16 1000 0
linear 17 1.0 1e-09 0.01 0.01 10 100 32 200 0
linear 17 1.0 1e-09 0.01 0.01 10 100 32 500 0
linear 17 1.0 1e-09 0.01 0.01 10 100 32 1000 0
circle 17 1.0 1e-09 0.01 0.01 1 100 4 200 0
circle 17 1.0 1e-09 0.01 0.01 1 100 4 500 0
circle 17 1.0 1e-09 0.01 0.01 1 100 4 1000 0
circle 17 1.0 1e-09 0.01 0.01 1 100 8 200 0
circle 17 1.0 1e-09 0.01 0.01 1 100 8 500 0
circle 17 1.0 1e-09 0.01 0.01 1 100 8 1000 0
circle 17 1.0 1e-09 0.01 0.01 1 100 16 200 0
circle 17 1.0 1e-09 0.01 0.01 1 100 16 500 0
circle 17 1.0 1e-09 0.01 0.01 1 100 16 1000 0
circle 17 1.0 1e-09 0.01 0.01 1 100 32 200 0
circle 17 1.0 1e-09 0.01 0.01 1 100 32 500 0
circle 17 1.0 1e-09 0.01 0.01 1 100 32 1000 0
circle 17 1.0 1e-09 0.01 0.01 3 100 4 200 0
circle 17 1.0 1e-09 0.01 0.01 3 100 4 500 0
circle 17 1.0 1e-09 0.01 0.01 3 100 4 1000 0
circle 17 1.0 1e-09 0.01 0.01 3 100 8 200 0
circle 17 1.0 1e-09 0.01 0.01 3 100 8 500 0
circle 17 1.0 1e-09 0.01 0.01 3 100 8 1000 0
circle 17 1.0 1e-09 0.01 0.01 3 100 16 200 0
circle 17 1.0 1e-09 0.01 0.01 3 100 16 500 0
circle 17 1.0 1e-09 0.01 0.01 3 100 16 1000 0
circle 17 1.0 1e-09 0.01 0.01 3 100 32 200 0
circle 17 1.0 1e-09 0.01 0.01 3 100 32 500 0
circle 17 1.0 1e-09 0.01 0.01 3 100 32 1000 0
circle 17 1.0 1e-09 0.01 0.01 5 100 4 200 0
circle 17 1.0 1e-09 0.01 0.01 5 100 4 500 0
circle 17 1.0 1e-09 0.01 0.01 5 100 4 1000 0
circle 17 1.0 1e-09 0.01 0.01 5 100 8 200 0
circle 17 1.0 1e-09 0.01 0.01 5 100 8 500 0
circle 17 1.0 1e-09 0.01 0.01 5 100 8 1000 0
circle 17 1.0 1e-09 0.01 0.01 5 100 16 200 0
circle 17 1.0 1e-09 0.01 0.01 5 100 16 500 0
circle 17 1.0 1e-09 0.01 0.01 5 100 16 1000 0
circle 17 1.0 1e-09 0.01 0.01 5 100 32 200 0
circle 17 1.0 1e-09 0.01 0.01 5 100 32 500 0
circle 17 1.0 1e-09 0.01 0.01 5 100 32 1000 0
circle 17 1.0 1e-09 0.01 0.01 10 100 4 200 0
circle 17 1.0 1e-09 0.01 0.01 10 100 4 500 0
circle 17 1.0 1e-09 0.01 0.01 10 100 4 1000 0
circle 17 1.0 1e-09 0.01 0.01 10 100 8 200 0
circle 17 1.0 1e-09 0.01 0.01 10 100 8 500 0
circle 17 1.0 1e-09 0.01 0.01 10 100 8 1000 0
circle 17 1.0 1e-09 0.01 0.01 10 100 16 200 0
circle 17 1.0 1e-09 0.01 0.01 10 100 16 500 0
circle 17 1.0 1e-09 0.01 0.01 10 100 16 1000 0
circle 17 1.0 1e-09 0.01 0.01 10 100 32 200 0
circle 17 1.0 1e-09 0.01 0.01 10 100 32 500 0
circle 17 1.0 1e-09 0.01 0.01 10 100 32 1000 0
