circle 17 1.0 1e-09 0.01 0.01 1 20 4 200
circle 17 1.0 1e-09 0.01 0.01 1 20 4 500
circle 17 1.0 1e-09 0.01 0.01 1 20 4 1000
circle 17 1.0 1e-09 0.01 0.01 1 20 8 200
circle 17 1.0 1e-09 0.01 0.01 1 20 8 500
circle 17 1.0 1e-09 0.01 0.01 1 20 8 1000
circle 17 1.0 1e-09 0.01 0.01 1 20 16 200
circle 17 1.0 1e-09 0.01 0.01 1 20 16 500
circle 17 1.0 1e-09 0.01 0.01 1 20 16 1000
circle 17 1.0 1e-09 0.01 0.01 1 20 32 200
circle 17 1.0 1e-09 0.01 0.01 1 20 32 500
circle 17 1.0 1e-09 0.01 0.01 1 20 32 1000
circle 17 1.0 1e-09 0.01 0.01 1 50 4 200
circle 17 1.0 1e-09 0.01 0.01 1 50 4 500
circle 17 1.0 1e-09 0.01 0.01 1 50 4 1000
circle 17 1.0 1e-09 0.01 0.01 1 50 8 200
circle 17 1.0 1e-09 0.01 0.01 1 50 8 500
circle 17 1.0 1e-09 0.01 0.01 1 50 8 1000
circle 17 1.0 1e-09 0.01 0.01 1 50 16 200
circle 17 1.0 1e-09 0.01 0.01 1 50 16 500
circle 17 1.0 1e-09 0.01 0.01 1 50 16 1000
circle 17 1.0 1e-09 0.01 0.01 1 50 32 200
circle 17 1.0 1e-09 0.01 0.01 1 50 32 500
circle 17 1.0 1e-09 0.01 0.01 1 50 32 1000
circle 17 1.0 1e-09 0.01 0.01 3 20 4 200
circle 17 1.0 1e-09 0.01 0.01 3 20 4 500
circle 17 1.0 1e-09 0.01 0.01 3 20 4 1000
circle 17 1.0 1e-09 0.01 0.01 3 20 8 200
circle 17 1.0 1e-09 0.01 0.01 3 20 8 500
circle 17 1.0 1e-09 0.01 0.01 3 20 8 1000
circle 17 1.0 1e-09 0.01 0.01 3 20 16 200
circle 17 1.0 1e-09 0.01 0.01 3 20 16 500
circle 17 1.0 1e-09 0.01 0.01 3 20 16 1000
circle 17 1.0 1e-09 0.01 0.01 3 20 32 200
circle 17 1.0 1e-09 0.01 0.01 3 20 32 500
circle 17 1.0 1e-09 0.01 0.01 3 20 32 1000
circle 17 1.0 1e-09 0.01 0.01 3 50 4 200
circle 17 1.0 1e-09 0.01 0.01 3 50 4 500
circle 17 1.0 1e-09 0.01 0.01 3 50 4 1000
circle 17 1.0 1e-09 0.01 0.01 3 50 8 200
circle 17 1.0 1e-09 0.01 0.01 3 50 8 500
circle 17 1.0 1e-09 0.01 0.01 3 50 8 1000
circle 17 1.0 1e-09 0.01 0.01 3 50 16 200
circle 17 1.0 1e-09 0.01 0.01 3 50 16 500
circle 17 1.0 1e-09 0.01 0.01 3 50 16 1000
circle 17 1.0 1e-09 0.01 0.01 3 50 32 200
circle 17 1.0 1e-09 0.01 0.01 3 50 32 500
circle 17 1.0 1e-09 0.01 0.01 3 50 32 1000
circle 17 1.0 1e-09 0.01 0.01 5 20 4 200
circle 17 1.0 1e-09 0.01 0.01 5 20 4 500
circle 17 1.0 1e-09 0.01 0.01 5 20 4 1000
circle 17 1.0 1e-09 0.01 0.01 5 20 8 200
circle 17 1.0 1e-09 0.01 0.01 5 20 8 500
circle 17 1.0 1e-09 0.01 0.01 5 20 8 1000
circle 17 1.0 1e-09 0.01 0.01 5 20 16 200
circle 17 1.0 1e-09 0.01 0.01 5 20 16 500
circle 17 1.0 1e-09 0.01 0.01 5 20 16 1000
circle 17 1.0 1e-09 0.01 0.01 5 20 32 200
circle 17 1.0 1e-09 0.01 0.01 5 20 32 500
circle 17 1.0 1e-09 0.01 0.01 5 20 32 1000
circle 17 1.0 1e-09 0.01 0.01 5 50 4 200
circle 17 1.0 1e-09 0.01 0.01 5 50 4 500
circle 17 1.0 1e-09 0.01 0.01 5 50 4 1000
circle 17 1.0 1e-09 0.01 0.01 5 50 8 200
circle 17 1.0 1e-09 0.01 0.01 5 50 8 500
circle 17 1.0 1e-09 0.01 0.01 5 50 8 1000
circle 17 1.0 1e-09 0.01 0.01 5 50 16 200
circle 17 1.0 1e-09 0.01 0.01 5 50 16 500
circle 17 1.0 1e-09 0.01 0.01 5 50 16 1000
circle 17 1.0 1e-09 0.01 0.01 5 50 32 200
circle 17 1.0 1e-09 0.01 0.01 5 50 32 500
circle 17 1.0 1e-09 0.01 0.01 5 50 32 1000
circle 17 1.0 1e-09 0.01 0.01 10 20 4 200
circle 17 1.0 1e-09 0.01 0.01 10 20 4 500
circle 17 1.0 1e-09 0.01 0.01 10 20 4 1000
circle 17 1.0 1e-09 0.01 0.01 10 20 8 200
circle 17 1.0 1e-09 0.01 0.01 10 20 8 500
circle 17 1.0 1e-09 0.01 0.01 10 20 8 1000
circle 17 1.0 1e-09 0.01 0.01 10 20 16 200
circle 17 1.0 1e-09 0.01 0.01 10 20 16 500
circle 17 1.0 1e-09 0.01 0.01 10 20 16 1000
circle 17 1.0 1e-09 0.01 0.01 10 20 32 200
circle 17 1.0 1e-09 0.01 0.01 10 20 32 500
circle 17 1.0 1e-09 0.01 0.01 10 20 32 1000
circle 17 1.0 1e-09 0.01 0.01 10 50 4 200
circle 17 1.0 1e-09 0.01 0.01 10 50 4 500
circle 17 1.0 1e-09 0.01 0.01 10 50 4 1000
circle 17 1.0 1e-09 0.01 0.01 10 50 8 200
circle 17 1.0 1e-09 0.01 0.01 10 50 8 500
circle 17 1.0 1e-09 0.01 0.01 10 50 8 1000
circle 17 1.0 1e-09 0.01 0.01 10 50 16 200
circle 17 1.0 1e-09 0.01 0.01 10 50 16 500
circle 17 1.0 1e-09 0.01 0.01 10 50 16 1000
circle 17 1.0 1e-09 0.01 0.01 10 50 32 200
circle 17 1.0 1e-09 0.01 0.01 10 50 32 500
circle 17 1.0 1e-09 0.01 0.01 10 50 32 1000
